[gd_scene load_steps=2 format=3 uid="uid://vslqjhlqgvp8"]

[sub_resource type="StandardMaterial3D" id="StandardMaterial3D_qiydf"]
albedo_color = Color(0.639888, 0.639888, 0.6398879, 1)

[node name="LadderRail" type="Node3D"]

[node name="CSGBox3D19" type="CSGBox3D" parent="."]
transform = Transform3D(0.99999845, 0, 0, 0, 0.99257815, -0.12160945, 0, 0.121613875, 0.99258083, 0.88272786, -12.973368, 4.723758)
size = Vector3(0.16098022, 34.13324, 0.5274048)
material = SubResource("StandardMaterial3D_qiydf")

[node name="CSGBox3D20" type="CSGBox3D" parent="."]
transform = Transform3D(0.99999845, 0, 0, 0, -0.03757243, -0.9992968, 0, 0.9992945, -0.037567787, 0.88272786, 3.675507, 8.500275)
size = Vector3(0.16098022, 4.095627, 0.5274048)
material = SubResource("StandardMaterial3D_qiydf")

[node name="CSGCylinder3D2" type="CSGCylinder3D" parent="."]
transform = Transform3D(1, 0, 0, 0, 0.99363494, -0.11264834, 0, 0.11264998, 0.9936454, 0.8875837, -3.0093458, 4.7291226)
radius = 0.04736328
height = 14.087013

[node name="CSGCombiner3D" type="CSGCombiner3D" parent="."]
transform = Transform3D(0.0004089011, -0.26885507, 0, 2.3418865, 4.6904228e-05, 0, 0, 0, 0.5647376, 0.93631816, -3.0786486, 6.077934)

[node name="CSGTorus3D" type="CSGTorus3D" parent="CSGCombiner3D"]
transform = Transform3D(1.986509, 3.6379788e-11, 0, 0, 1.3351294, 0, 0, 0, 0.654146, -1.04904175e-05, 0.16384518, 0.8540325)
inner_radius = 3.008479
outer_radius = 3.3141172
sides = 18

[node name="CSGBox3D" type="CSGBox3D" parent="CSGCombiner3D"]
transform = Transform3D(1, 0, 0, 0, 1, 0, 0, 0, 1, -2.9232774, 7.1525574e-07, 0.3328848)
operation = 2
size = Vector3(11.964478, 1, 8.229248)

[node name="CSGCombiner3D2" type="CSGCombiner3D" parent="."]
transform = Transform3D(7.630272e-05, -0.26829764, 0, 0.43700612, 4.680698e-05, 0, 0, 0, 0.5647376, 0.93631816, -10.822302, 4.49617)

[node name="CSGTorus3D" type="CSGTorus3D" parent="CSGCombiner3D2"]
transform = Transform3D(1.986509, 3.6379788e-11, 0, 0, 1.3351294, 0, 0, 0, 0.654146, -1.04904175e-05, 0.16384518, 0.8540325)
inner_radius = 3.008479
outer_radius = 3.3141172
sides = 18

[node name="CSGBox3D" type="CSGBox3D" parent="CSGCombiner3D2"]
transform = Transform3D(1, -1.8189894e-11, 0, 1.1059456e-09, 1, 0, 0, 0, 0.9999998, 7.198907, 0.013397813, 0.33288574)
operation = 2
size = Vector3(9.3377075, 1, 8.229248)

[node name="CSGBox3D2" type="CSGBox3D" parent="CSGCombiner3D2"]
transform = Transform3D(1, 2.8376235e-10, 0, 1.1059456e-09, 1, 0, 0, 0, 1.0000002, 2.5434418, 0.013397932, 2.4565425)
operation = 2
size = Vector3(18.648636, 1, 3.9819336)
